sepal length (cm):
Mean: 5.843333333333334
Minimum: 4.3
Maximum: 7.9
Standard Deviation: 0.8253012917851409
Median: 5.8

sepal width (cm):
Mean: 3.0573333333333337
Minimum: 2.0
Maximum: 4.4
Standard Deviation: 0.4344109677354946
Median: 3.0

petal length (cm):
Mean: 3.7580000000000005
Minimum: 1.0
Maximum: 6.9
Standard Deviation: 1.759404065775303
Median: 4.35

petal width (cm):
Mean: 1.1993333333333336
Minimum: 0.1
Maximum: 2.5
Standard Deviation: 0.7596926279021594
Median: 1.3

